# R script for Peak Model
#  -- generated by MACS
p <- c(0.0641501112603,0.070164184191,0.0761782571217,0.0801876390754,0.0922157849368,0.0982298578674,0.100234548844,0.0962251668905,0.102239239821,0.0922157849368,0.088206402983,0.0942204759136,0.0982298578674,0.106248621775,0.106248621775,0.0962251668905,0.0942204759136,0.0962251668905,0.0841970210292,0.0841970210292,0.0821923300523,0.0741735661448,0.0741735661448,0.0801876390754,0.0781829480986,0.088206402983,0.0862017120061,0.0862017120061,0.0922157849368,0.0962251668905,0.100234548844,0.110258003729,0.114267385682,0.112262694706,0.116272076659,0.104243930798,0.112262694706,0.112262694706,0.110258003729,0.114267385682,0.106248621775,0.0982298578674,0.0942204759136,0.088206402983,0.0841970210292,0.0862017120061,0.0781829480986,0.0781829480986,0.0761782571217,0.0781829480986,0.0862017120061,0.0902110939599,0.0862017120061,0.0821923300523,0.0821923300523,0.0902110939599,0.0942204759136,0.0982298578674,0.102239239821,0.0922157849368,0.0902110939599,0.0942204759136,0.0962251668905,0.102239239821,0.106248621775,0.100234548844,0.0962251668905,0.0942204759136,0.0942204759136,0.0902110939599,0.088206402983,0.0761782571217,0.0781829480986,0.070164184191,0.070164184191,0.0761782571217,0.0761782571217,0.0781829480986,0.0801876390754,0.0821923300523,0.0761782571217,0.0821923300523,0.0841970210292,0.0862017120061,0.0801876390754,0.0821923300523,0.088206402983,0.0862017120061,0.0801876390754,0.0841970210292,0.088206402983,0.088206402983,0.0841970210292,0.0801876390754,0.0781829480986,0.0741735661448,0.0721688751679,0.070164184191,0.0741735661448,0.0741735661448,0.0781829480986,0.0862017120061,0.0862017120061,0.088206402983,0.0862017120061,0.0862017120061,0.0841970210292,0.0841970210292,0.0801876390754,0.0781829480986,0.0661548022372,0.0581360383297,0.0561313473528,0.0541266563759,0.0681594932141,0.0661548022372,0.0601407293066,0.0541266563759,0.0541266563759,0.0541266563759,0.0661548022372,0.070164184191,0.070164184191,0.0741735661448,0.0621454202835,0.0601407293066,0.0741735661448,0.0761782571217,0.0741735661448,0.0741735661448,0.0681594932141,0.0601407293066,0.0601407293066,0.0561313473528,0.0561313473528,0.0581360383297,0.0441032014915,0.0481125834453,0.0561313473528,0.0541266563759,0.0541266563759,0.0641501112603,0.0601407293066,0.0621454202835,0.0581360383297,0.0541266563759,0.0581360383297,0.052121965399,0.0481125834453,0.0481125834453,0.0441032014915,0.0320750556302,0.0400938195377,0.0400938195377,0.0420985105146,0.0400938195377,0.0441032014915,0.0461078924684,0.0461078924684,0.0481125834453,0.052121965399,0.0541266563759,0.0461078924684,0.0501172744221,0.052121965399,0.0601407293066,0.0621454202835,0.0641501112603,0.0661548022372,0.0721688751679,0.0721688751679,0.0721688751679,0.0761782571217,0.0761782571217,0.0781829480986,0.070164184191,0.0661548022372,0.070164184191,0.0661548022372,0.0581360383297,0.0601407293066,0.0641501112603,0.0681594932141,0.070164184191,0.0721688751679,0.0741735661448,0.0741735661448,0.0741735661448,0.0741735661448,0.0761782571217,0.0741735661448,0.0741735661448,0.0741735661448,0.0641501112603,0.0601407293066,0.0601407293066,0.0581360383297,0.0501172744221,0.0541266563759,0.052121965399,0.0541266563759,0.0501172744221,0.0501172744221,0.0581360383297,0.0541266563759,0.0541266563759,0.0561313473528,0.0641501112603,0.0601407293066,0.0601407293066,0.0641501112603,0.0621454202835,0.0581360383297,0.0561313473528,0.0581360383297,0.0601407293066,0.0641501112603,0.0621454202835,0.0641501112603,0.0621454202835,0.052121965399,0.0581360383297,0.0581360383297,0.052121965399,0.0601407293066,0.0601407293066,0.0541266563759,0.052121965399,0.0561313473528,0.0581360383297,0.0601407293066,0.0581360383297,0.0561313473528,0.0581360383297,0.0501172744221,0.0541266563759,0.0541266563759,0.0501172744221,0.0441032014915,0.0420985105146,0.0400938195377,0.0420985105146,0.0481125834453,0.052121965399,0.052121965399,0.0481125834453,0.0501172744221,0.0501172744221,0.0501172744221,0.0481125834453,0.0581360383297,0.0561313473528,0.052121965399,0.052121965399,0.0501172744221,0.052121965399,0.0501172744221,0.0561313473528,0.0581360383297,0.0661548022372,0.0581360383297,0.0561313473528,0.0541266563759,0.0501172744221,0.0501172744221,0.0481125834453,0.0501172744221,0.0501172744221,0.0501172744221,0.0541266563759,0.0581360383297,0.0561313473528,0.0561313473528,0.0581360383297,0.0601407293066,0.0641501112603,0.0621454202835,0.0601407293066,0.0561313473528,0.0561313473528,0.0541266563759,0.0561313473528,0.0601407293066,0.0581360383297,0.0541266563759,0.0501172744221,0.0481125834453,0.052121965399,0.0581360383297,0.0501172744221,0.0501172744221,0.0481125834453,0.0481125834453,0.0501172744221,0.0541266563759,0.0501172744221,0.0561313473528,0.0541266563759,0.0481125834453,0.0441032014915,0.0461078924684,0.0581360383297,0.0621454202835,0.070164184191,0.0821923300523,0.0982298578674,0.112262694706,0.132309604474,0.152356514243,0.168394042058,0.178417496943,0.178417496943,0.184431569874,0.202473788665,0.210492552573,0.206483170619,0.204478479642,0.196459715735,0.198464406712,0.200469097689,0.202473788665,0.208487861596,0.206483170619,0.192450333781,0.192450333781,0.204478479642,0.208487861596,0.21249724355,0.206483170619,0.204478479642,0.206483170619,0.206483170619,0.208487861596,0.216506625504,0.208487861596,0.190445642804,0.192450333781,0.190445642804,0.192450333781,0.192450333781,0.192450333781,0.192450333781,0.190445642804,0.18042218792,0.184431569874,0.190445642804,0.18643626085,0.178417496943,0.176412805966,0.176412805966,0.166389351082,0.164384660105,0.182426878897,0.18643626085,0.18042218792,0.184431569874,0.176412805966,0.178417496943,0.174408114989,0.176412805966,0.18042218792,0.182426878897,0.174408114989,0.178417496943,0.198464406712,0.192450333781,0.202473788665,0.204478479642,0.196459715735,0.206483170619,0.208487861596,0.196459715735,0.192450333781,0.196459715735,0.18643626085,0.18643626085,0.172403424012,0.172403424012,0.182426878897,0.168394042058,0.162379969128,0.178417496943,0.172403424012,0.162379969128,0.152356514243,0.15436120522,0.168394042058,0.174408114989,0.174408114989,0.178417496943,0.18042218792,0.172403424012,0.182426878897,0.18643626085,0.18643626085,0.190445642804,0.182426878897,0.174408114989,0.18042218792,0.18042218792,0.192450333781,0.192450333781,0.182426878897,0.172403424012,0.178417496943,0.178417496943,0.200469097689,0.202473788665,0.200469097689,0.200469097689,0.200469097689,0.200469097689,0.202473788665,0.204478479642,0.204478479642,0.208487861596,0.184431569874,0.182426878897,0.190445642804,0.190445642804,0.176412805966,0.178417496943,0.18042218792,0.18042218792,0.182426878897,0.168394042058,0.174408114989,0.172403424012,0.170398733035,0.170398733035,0.176412805966,0.168394042058,0.158370587174,0.164384660105,0.162379969128,0.174408114989,0.166389351082,0.158370587174,0.14834713229,0.142333059359,0.136318986428,0.146342441313,0.158370587174,0.158370587174,0.158370587174,0.156365896197,0.152356514243,0.158370587174,0.166389351082,0.18042218792,0.188440951827,0.194455024758,0.190445642804,0.182426878897,0.174408114989,0.174408114989,0.194455024758,0.196459715735,0.188440951827,0.176412805966,0.178417496943,0.168394042058,0.172403424012,0.176412805966,0.184431569874,0.184431569874,0.18042218792,0.188440951827,0.192450333781,0.210492552573,0.198464406712,0.204478479642,0.208487861596,0.216506625504,0.21249724355,0.214501934527,0.208487861596,0.202473788665,0.200469097689,0.194455024758,0.202473788665,0.196459715735,0.182426878897,0.18042218792,0.190445642804,0.202473788665,0.202473788665,0.206483170619,0.218511316481,0.202473788665,0.200469097689,0.194455024758,0.198464406712,0.196459715735,0.196459715735,0.182426878897,0.18042218792,0.190445642804,0.182426878897,0.190445642804,0.188440951827,0.190445642804,0.202473788665,0.196459715735,0.178417496943,0.18643626085,0.190445642804,0.172403424012,0.168394042058,0.166389351082,0.168394042058,0.184431569874,0.178417496943,0.18042218792,